5.34529933345416,4.63456661964261,6.28719442988459,1.02364588609648,4.36882921553956,4.76774118574533,6.52998790224828,0.188495559215388,0.188495559215388,0.188495559215388
5.34199594843803,4.63443878791029,6.28662504604353,1.02571329805071,4.36763185831346,4.76778326369056,6.52728798953516,0.188495559215388,0.188495559215388,0.188495559215388
5.33853810007867,4.63397859367392,6.28596032103545,1.02798710498942,4.36608216487515,4.76782321110691,6.52473987700417,0.188495559215388,0.188495559215388,0.188495559215388
5.33499449793221,4.63376074709675,6.28514379584523,1.03024027242968,4.36426509006338,4.76785996272995,6.52219602553093,0.188495559215388,0.188495559215388,0.188495559215388
5.33171508136589,4.63360042479913,6.28487268604626,1.03245948456604,4.36310235393146,4.76788979013416,6.51953606023416,0.188495559215388,0.188495559215388,0.188495559215388
5.32871849250733,4.63311999053848,6.28428466007757,1.03447243487598,4.36155026364816,4.76792228069946,6.51751791676009,0.188495559215388,0.188495559215388,0.188495559215388
5.32532882107188,4.63295966824086,6.28382819426673,1.03689271567465,4.36009005242247,4.76795423863254,6.51532613518296,0.188495559215388,0.188495559215388,0.188495559215388
5.32176284837226,4.63284035862402,6.28329609468093,1.03936066705682,4.35887538464928,4.7679915228878,6.51311997253594,0.188495559215388,0.188495559215388,0.188495559215388
5.31823842098565,4.63236471805333,6.28267078445698,1.04169066669453,4.35726150902869,4.76803626399411,6.51098518260613,0.188495559215388,0.188495559215388,0.188495559215388
5.31471026517351,4.63215006726947,6.28203641948533,1.04401547316812,4.3554020899556,4.76810337565358,6.50857289129074,0.188495559215388,0.188495559215388,0.188495559215388
5.31152459187756,4.63206484611459,6.28157462735231,1.04617835944742,4.35391711133177,4.76817261784193,6.50623516848587,0.188495559215388,0.188495559215388,0.188495559215388
5.30825050163342,4.63179373631562,6.28085717175464,1.04825948668127,4.35211468390601,4.76825943689346,6.50354271262379,0.188495559215388,0.188495559215388,0.188495559215388
5.30475803217989,4.63137082633452,6.28028299422362,1.05051957834036,4.35025526483291,4.76846023923965,6.50080338512654,0.188495559215388,0.188495559215388,0.188495559215388
5.30116169944384,4.63127388727084,6.2800252002301,1.0528887264461,4.34844564687221,4.76858434254645,6.49802943653511,0.188495559215388,0.188495559215388,0.188495559215388
5.29762981520618,4.63110184706442,6.27937751945299,1.05510953647911,4.34671512479587,4.76865624789588,6.49522512790726,0.188495559215388,0.188495559215388,0.188495559215388
5.29439513974617,4.63065337073685,6.27854235213514,1.05754339939934,4.34522268932099,4.76873294693528,6.49287515456137,0.188495559215388,0.188495559215388,0.188495559215388
5.29111572317985,4.63055643167317,6.27800918728491,1.05993651595488,4.34369536643583,4.76878993858261,6.49017790500934,0.188495559215388,0.188495559215388,0.188495559215388
5.28753323888147,4.63046428629945,6.27749786035561,1.06241472050726,4.34204926656605,4.76882189651569,6.48796854656901,0.188495559215388,0.188495559215388,0.188495559215388
5.28399975674716,4.63030396400183,6.27692315019237,1.06464405265576,4.34029664025267,4.76884426706884,6.48571497965459,0.188495559215388,0.188495559215388,0.188495559215388
5.28082952978552,4.62977399494491,6.27659771190717,1.06680534103842,4.33900500712398,4.76886450709313,6.48380389525635,0.188495559215388,0.188495559215388,0.188495559215388
5.27734238665417,4.62961527054394,6.27570981399973,1.06899379366419,4.33739086518729,4.76888421448519,6.48179587179443,0.188495559215388,0.188495559215388,0.188495559215388
5.27373060758381,4.62919768688501,6.27513883226202,1.07120954369113,4.33569283367625,4.76890125871617,6.47924456347013,0.188495559215388,0.188495559215388,0.188495559215388
5.27068288603232,4.62895054553585,6.27460034108961,1.07332302833222,4.33446058903987,4.76892149874046,6.47663626349851,0.188495559215388,0.188495559215388,0.188495559215388
5.26724527769725,4.62889302125631,6.27405812149167,1.07568871432854,4.33281448917009,4.76894333666139,6.47394434026865,0.188495559215388,0.188495559215388,0.188495559215388
5.26368303342316,4.62882271380353,6.2735180324226,1.0782079315617,4.33147065808404,4.76897582722669,6.47113790111193,0.188495559215388,0.188495559215388,0.188495559215388
5.26019216186628,4.62868635995572,6.27298966126233,1.0805821396735,4.33020645551458,4.76902056833301,6.4682249355116,0.188495559215388,0.188495559215388,0.188495559215388
5.25663684181103,4.62825013416916,6.2725070964728,1.08298191413177,4.32853798509164,4.76907010312928,6.46560917868892,0.188495559215388,0.188495559215388,0.188495559215388
5.25304423750051,4.62814307509334,6.27184929568356,1.08532895800046,4.32672810081483,4.76912230108665,6.46297371447418,0.188495559215388,0.188495559215388,0.188495559215388
5.24999971174233,4.62808821397489,6.2711707222378,1.08734523726176,4.32530996753436,4.76916917272183,6.46070310332878,0.188495559215388,0.188495559215388,0.188495559215388
5.24663880244665,4.62798754648568,6.27065460161855,1.08950985459578,4.32341086736102,4.76921604435702,6.4583797615938,0.188495559215388,0.188495559215388,0.188495559215388
5.24336790799582,4.62775265567754,6.27029667276804,1.09168299404528,4.32178207803833,4.76925865493446,6.45643884979135,0.188495559215388,0.188495559215388,0.188495559215388
5.23997131234153,4.62728021090016,6.26981251008186,1.09387317772576,4.32010375391936,4.76930073287968,6.45426943876737,0.188495559215388,0.188495559215388,0.188495559215388
5.2364138617574,4.62715237916783,6.26895177641755,1.09642821447558,4.31827416225048,4.76934281082491,6.45214263832083,0.188495559215388,0.188495559215388,0.188495559215388
5.23308171460149,4.62667727122936,6.26849477797449,1.09873251460878,4.31692047746839,4.76939234562118,6.4498592440022,0.188495559215388,0.188495559215388,0.188495559215388
5.23007873415632,4.62620642434864,6.26792379623678,1.10094999569043,4.31567358544602,4.76946425097061,6.44736013363526,0.188495559215388,0.188495559215388,0.188495559215388
5.22682807972977,4.62574143642231,6.26767186119766,1.10326454899382,4.3137571747256,4.76957557110418,6.44454890078858,0.188495559215388,0.188495559215388,0.188495559215388
5.22445893162404,4.62569882584487,6.26718077429265,1.10491277939247,4.312988586435,4.76969967441098,6.44274647336281,0.188495559215388,0.188495559215388,0.188495559215388
5.2237484002452,4.62568870583272,6.26713123949637,1.10529281248002,4.31249270584003,4.76980140716462,6.4422553864578,0.188495559215388,0.188495559215388,0.188495559215388
5.22359500216641,4.62568337951054,6.26712111948423,1.10531331882042,4.31240109309853,4.76985360512198,6.44211903260999,0.188495559215388,0.188495559215388,0.188495559215388
5.22357795793544,4.62568178161389,6.26711632579427,1.1053218409359,4.31237126569432,4.76988556305506,6.44207695466477,0.188495559215388,0.188495559215388,0.188495559215388
5.22356943581995,4.62567805318836,6.26711419526539,1.10532530304532,4.31236141199829,4.76990313991826,6.44206683465262,0.188495559215388,0.188495559215388,0.188495559215388
5.22356624002664,4.62567645529171,6.26711099947209,1.10533036305139,4.31235395514723,4.76991539045927,6.4420572472727,0.188495559215388,0.188495559215388,0.188495559215388
5.22356251160111,4.62567485739506,6.26710780367878,1.10533382516081,4.31234889514116,4.76992551047142,6.44205245358274,0.188495559215388,0.188495559215388,0.188495559215388
5.22356091370446,4.6256732594984,6.26710567314991,1.10533542305746,4.31234649829618,4.76993296732247,6.44204712726056,0.188495559215388,0.188495559215388,0.188495559215388
5.22355931580781,4.6256732594984,6.26710407525325,1.10533715411217,4.3123441014512,4.76993776101243,6.44204233357059,0.188495559215388,0.188495559215388,0.188495559215388
5.22355771791115,4.62567166160175,6.2671024773566,1.10533715411217,4.31234143829011,4.76994255470239,6.44203753988063,0.188495559215388,0.188495559215388,0.188495559215388
5.22355558738228,4.62567166160175,6.26710087945994,1.10533888516688,4.31233904144513,4.76994521786348,6.44203487671954,0.188495559215388,0.188495559215388,0.188495559215388
5.22355398948563,4.62567166160175,6.26710087945994,1.10533888516688,4.31233664460015,4.76995001155344,6.44203221355845,0.188495559215388,0.188495559215388,0.188495559215388
5.22355398948563,4.62566953107288,6.26709928156329,1.10534061622159,4.31233664460015,4.76995267471453,6.44203221355845,0.188495559215388,0.188495559215388,0.188495559215388
5.22355239158897,4.62566953107288,6.26709928156329,1.10534061622159,4.31233398143906,4.76995267471453,6.44203008302958,0.188495559215388,0.188495559215388,0.188495559215388
5.22355239158897,4.62566953107288,6.26709715103442,1.1053423472763,4.31233398143906,4.76995533787562,6.44202741986849,0.188495559215388,0.188495559215388,0.188495559215388
5.22355079369232,4.62566793317622,6.26709715103442,1.1053423472763,4.31233158459408,4.7699574684045,6.4420247567074,0.188495559215388,0.188495559215388,0.188495559215388
5.22354919579566,4.62566793317622,6.26709555313776,1.1053423472763,4.3123291877491,4.7699574684045,6.4420247567074,0.188495559215388,0.188495559215388,0.188495559215388
5.22354919579566,4.62566793317622,6.26709555313776,1.1053423472763,4.3123291877491,4.76996013156559,6.44202262617853,0.188495559215388,0.188495559215388,0.188495559215388
5.22354706526679,4.62566793317622,6.26709555313776,1.10534394517295,4.31232652458801,4.76996013156559,6.44202262617853,0.188495559215388,0.188495559215388,0.188495559215388
5.22354706526679,4.62566793317622,6.26709395524111,1.10534394517295,4.31232652458801,4.76996226209446,6.44202262617853,0.188495559215388,0.188495559215388,0.188495559215388
5.22354706526679,4.62566793317622,6.26709395524111,1.10534394517295,4.31232412774302,4.76996226209446,6.44201996301744,0.188495559215388,0.188495559215388,0.188495559215388
5.22354706526679,4.62566793317622,6.26709395524111,1.10534394517295,4.31232412774302,4.76996492525555,6.44201996301744,0.188495559215388,0.188495559215388,0.188495559215388
5.22354706526679,4.62566633527957,6.26709395524111,1.10534394517295,4.31232173089804,4.76996492525555,6.44201996301744,0.188495559215388,0.188495559215388,0.188495559215388
5.22354706526679,4.62566633527957,6.26709235734445,1.10534567622766,4.31232173089804,4.76996492525555,6.44201729985635,0.188495559215388,0.188495559215388,0.188495559215388
5.22354706526679,4.62566633527957,6.26709235734445,1.10534567622766,4.31232173089804,4.76996758841664,6.44201729985635,0.188495559215388,0.188495559215388,0.188495559215388
5.22354546737014,4.62566633527957,6.26709235734445,1.10534567622766,4.31231906773695,4.76996758841664,6.44201729985635,0.188495559215388,0.188495559215388,0.188495559215388
5.22354546737014,4.62566633527957,6.26709235734445,1.10534567622766,4.31231906773695,4.76996758841664,6.44201729985635,0.188495559215388,0.188495559215388,0.188495559215388
5.22354546737014,4.62566633527957,6.26709235734445,1.10534567622766,4.31231906773695,4.76996758841664,6.44201516932748,0.188495559215388,0.188495559215388,0.188495559215388
5.22354546737014,4.62566633527957,6.26709235734445,1.10534567622766,4.31231667089197,4.76996971894551,6.44201516932748,0.188495559215388,0.188495559215388,0.188495559215388
5.22354546737014,4.62566633527957,6.2670907594478,1.10534567622766,4.31231667089197,4.76996971894551,6.44201516932748,0.188495559215388,0.188495559215388,0.188495559215388
5.22354386947348,4.62566633527957,6.2670907594478,1.10534740728237,4.31231667089197,4.76996971894551,6.44201516932748,0.188495559215388,0.188495559215388,0.188495559215388
5.22354386947348,4.62566633527957,6.2670907594478,1.10534740728237,4.31231427404699,4.76996971894551,6.44201516932748,0.188495559215388,0.188495559215388,0.188495559215388
5.22354386947348,4.62566633527957,6.2670907594478,1.10534740728237,4.31231427404699,4.76996971894551,6.44201250616639,0.188495559215388,0.188495559215388,0.188495559215388
5.22354386947348,4.62566473738291,6.26708862891893,1.10534740728237,4.31231427404699,4.7699723821066,6.44201250616639,0.188495559215388,0.188495559215388,0.188495559215388
5.22354386947348,4.62566473738291,6.26708862891893,1.10534740728237,4.31231427404699,4.7699723821066,6.44201250616639,0.188495559215388,0.188495559215388,0.188495559215388
5.22354386947348,4.62566473738291,6.26708862891893,1.10534740728237,4.31231427404699,4.7699723821066,6.44201250616639,0.188495559215388,0.188495559215388,0.188495559215388
5.22354227157683,4.62566473738291,6.26708862891893,1.10534740728237,4.31231427404699,4.7699723821066,6.44201250616639,0.188495559215388,0.188495559215388,0.188495559215388
5.22354227157683,4.62566473738291,6.26708862891893,1.10534740728237,4.31231187720201,4.7699723821066,6.4420098430053,0.188495559215388,0.188495559215388,0.188495559215388
5.22354227157683,4.62566473738291,6.26708862891893,1.10534740728237,4.31231187720201,4.7699723821066,6.4420098430053,0.188495559215388,0.188495559215388,0.188495559215388
5.22354227157683,4.62566473738291,6.26708862891893,1.10534913833708,4.31231187720201,4.7699723821066,6.4420098430053,0.188495559215388,0.188495559215388,0.188495559215388
5.22354227157683,4.62566473738291,6.26708703102228,1.10534913833708,4.31231187720201,4.7699723821066,6.4420098430053,0.188495559215388,0.188495559215388,0.188495559215388
5.22354067368018,4.62566473738291,6.26708703102228,1.10534913833708,4.31231187720201,4.76997504526769,6.4420098430053,0.188495559215388,0.188495559215388,0.188495559215388
5.22354067368018,4.62566473738291,6.26708703102228,1.10534913833708,4.31231187720201,4.76997504526769,6.4420098430053,0.188495559215388,0.188495559215388,0.188495559215388
5.22354067368018,4.62566473738291,6.26708703102228,1.10534913833708,4.31231187720201,4.76997504526769,6.44200771247642,0.188495559215388,0.188495559215388,0.188495559215388
5.22354067368018,4.62566473738291,6.26708703102228,1.10534913833708,4.31231187720201,4.76997504526769,6.44200771247642,0.188495559215388,0.188495559215388,0.188495559215388
5.22354067368018,4.62566473738291,6.26708703102228,1.10534913833708,4.31231187720201,4.76997504526769,6.44200771247642,0.188495559215388,0.188495559215388,0.188495559215388
5.22354067368018,4.62566473738291,6.26708543312562,1.10534913833708,4.31230921404092,4.76997504526769,6.44200771247642,0.188495559215388,0.188495559215388,0.188495559215388
5.22354067368018,4.62566473738291,6.26708543312562,1.10534913833708,4.31230921404092,4.76997504526769,6.44200771247642,0.188495559215388,0.188495559215388,0.188495559215388
5.22354067368018,4.62566473738291,6.26708543312562,1.10534913833708,4.31230921404092,4.76997504526769,6.44200771247642,0.188495559215388,0.188495559215388,0.188495559215388
5.2235385431513,4.62566473738291,6.26708543312562,1.10534913833708,4.31230921404092,4.76997717579656,6.44200771247642,0.188495559215388,0.188495559215388,0.188495559215388
5.2235385431513,4.62566473738291,6.26708543312562,1.10534913833708,4.31230921404092,4.76997717579656,6.44200504931533,0.188495559215388,0.188495559215388,0.188495559215388
5.2235385431513,4.62566473738291,6.26708543312562,1.10534913833708,4.31230921404092,4.76997717579656,6.44200504931533,0.188495559215388,0.188495559215388,0.188495559215388
5.2235385431513,4.62566473738291,6.26708543312562,1.10534913833708,4.31230921404092,4.76997717579656,6.44200504931533,0.188495559215388,0.188495559215388,0.188495559215388
5.2235385431513,4.62566473738291,6.26708543312562,1.10535086939179,4.31230921404092,4.76997717579656,6.44200504931533,0.188495559215388,0.188495559215388,0.188495559215388
5.2235385431513,4.62566473738291,6.26708543312562,1.10535086939179,4.31230921404092,4.76997717579656,6.44200504931533,0.188495559215388,0.188495559215388,0.188495559215388
5.2235385431513,4.62566473738291,6.26708543312562,1.10535086939179,4.31230921404092,4.76997717579656,6.44200504931533,0.188495559215388,0.188495559215388,0.188495559215388
5.2235385431513,4.62566473738291,6.26708543312562,1.10535086939179,4.31230921404092,4.76997717579656,6.44200504931533,0.188495559215388,0.188495559215388,0.188495559215388
5.2235385431513,4.62566473738291,6.26708543312562,1.10535086939179,4.31230921404092,4.76997717579656,6.44200504931533,0.188495559215388,0.188495559215388,0.188495559215388
5.2235385431513,4.62566313948626,6.26708543312562,1.10535086939179,4.31230921404092,4.76997717579656,6.44200504931533,0.188495559215388,0.188495559215388,0.188495559215388
5.2235385431513,4.62566313948626,6.26708543312562,1.10535086939179,4.31230681719594,4.76997717579656,6.44200504931533,0.188495559215388,0.188495559215388,0.188495559215388
5.2235385431513,4.62566313948626,6.26708543312562,1.10535086939179,4.31230681719594,4.76997717579656,6.44200504931533,0.188495559215388,0.188495559215388,0.188495559215388
5.2235385431513,4.62566313948626,6.26708543312562,1.10535086939179,4.31230681719594,4.76997717579656,6.44200504931533,0.188495559215388,0.188495559215388,0.188495559215388
5.2235385431513,4.62566313948626,6.26708543312562,1.10535086939179,4.31230681719594,4.76997717579656,6.44200238615424,0.188495559215388,0.188495559215388,0.188495559215388
5.2235385431513,4.62566313948626,6.26708543312562,1.10535086939179,4.31230681719594,4.76997717579656,6.44200238615424,0.188495559215388,0.188495559215388,0.188495559215388
5.2235385431513,4.62566313948626,6.26708543312562,1.10535086939179,4.31230681719594,4.76997717579656,6.44200238615424,0.188495559215388,0.188495559215388,0.188495559215388
5.2235385431513,4.62566313948626,6.26708383522897,1.10535086939179,4.31230681719594,4.76997983895765,6.44200238615424,0.188495559215388,0.188495559215388,0.188495559215388
5.2235385431513,4.62566313948626,6.26708383522897,1.10535086939179,4.31230681719594,4.76997983895765,6.44200238615424,0.188495559215388,0.188495559215388,0.188495559215388
5.2235385431513,4.62566313948626,6.26708383522897,1.10535086939179,4.31230681719594,4.76997983895765,6.44200238615424,0.188495559215388,0.188495559215388,0.188495559215388
5.2235385431513,4.62566313948626,6.26708383522897,1.10535086939179,4.31230681719594,4.76997983895765,6.44200238615424,0.188495559215388,0.188495559215388,0.188495559215388
5.2235385431513,4.62566313948626,6.26708383522897,1.10535086939179,4.31230681719594,4.76997983895765,6.44200238615424,0.188495559215388,0.188495559215388,0.188495559215388
5.2235385431513,4.62566313948626,6.26708383522897,1.10535086939179,4.31230681719594,4.76997983895765,6.44200238615424,0.188495559215388,0.188495559215388,0.188495559215388
5.2235385431513,4.62566313948626,6.26708383522897,1.10535086939179,4.31230681719594,4.76997983895765,6.44200238615424,0.194655544810662,0.194655544810662,0.194655544810662
5.2235385431513,4.62566473738291,6.26708383522897,1.10535246728844,4.31230681719594,4.76997983895765,6.44199759246428,0.27350336043017,0.271039366192061,0.271039366192061
5.2235385431513,4.62566313948626,6.26708383522897,1.10535246728844,4.31230681719594,4.76997983895765,6.44199492930319,0.399167066573762,0.395471075216597,0.396703072335652
5.2235385431513,4.62566313948626,6.26708383522897,1.10535246728844,4.31230175718987,4.76997983895765,6.44199013561323,0.521134781360189,0.51867078712208,0.51867078712208
5.2235385431513,4.62566313948626,6.26708383522897,1.10535246728844,4.31230175718987,4.76997983895765,6.44198800508436,0.641870499027562,0.641870499027562,0.641870499027562
5.2235385431513,4.62566313948626,6.26708543312562,1.10535419834315,4.31229936034489,4.76997983895765,6.44198534192327,0.765070210933044,0.763838213813989,0.765070210933044
5.22353694525465,4.62566473738291,6.26708543312562,1.10535592939786,4.31229696349991,4.76997983895765,6.44198267876218,0.888269922838526,0.885805928600416,0.885805928600416
5.22354067368018,4.62566473738291,6.26708543312562,1.10535592939786,4.31229696349991,4.76997983895765,6.44198267876218,1.00161365779157,1.00407765202968,1.00038166067251
5.22354067368018,4.62566473738291,6.26708543312562,1.10535766045257,4.31229430033882,4.76997717579656,6.44198267876218,1.08292546764919,1.09031745036352,1.09647743595879
5.22353694525465,4.62566313948626,6.26708543312562,1.10535766045257,4.31229430033882,4.76997983895765,6.44198054823331,1.11495739274461,1.11618938986367,1.12111737833989
5.22353694525465,4.62566313948626,6.26708543312562,1.10535766045257,4.31229190349383,4.76997983895765,6.44198054823331,1.11495739274461,1.11618938986367,1.12111737833989
5.22353694525465,4.62566313948626,6.26708543312562,1.10535766045257,4.31229190349383,4.76997983895765,6.44198054823331,1.11495739274461,1.11618938986367,1.12111737833989
5.223535347358,4.62566313948626,6.26708543312562,1.10535766045257,4.31229190349383,4.76997983895765,6.44198054823331,1.11495739274461,1.11618938986367,1.12111737833989
5.223535347358,4.62566313948626,6.26708383522897,1.10535766045257,4.31229190349383,4.76997983895765,6.44197788507221,1.11495739274461,1.11495739274461,1.12111737833989
5.22353374946134,4.62566313948626,6.26708383522897,1.10535766045257,4.31229190349383,4.76997983895765,6.44197522191113,1.11495739274461,1.11495739274461,1.12111737833989
5.22353374946134,4.62566313948626,6.26708383522897,1.10535766045257,4.31229190349383,4.76997983895765,6.44197309138225,1.11372539562556,1.11495739274461,1.12111737833989
5.22353374946134,4.62566313948626,6.26708383522897,1.10535766045257,4.31229190349383,4.76997983895765,6.44197042822116,1.11372539562556,1.11495739274461,1.12111737833989
5.22353374946134,4.62566313948626,6.26708383522897,1.10535766045257,4.31229190349383,4.76997983895765,6.44197042822116,1.11372539562556,1.11495739274461,1.12111737833989
5.22353215156469,4.62566313948626,6.26708383522897,1.10535766045257,4.31229190349383,4.76997983895765,6.4419656345312,1.11372539562556,1.11495739274461,1.12111737833989
5.22353215156469,4.62566313948626,6.26708383522897,1.10535766045257,4.31229190349383,4.76997983895765,6.4419656345312,1.11372539562556,1.11495739274461,1.12111737833989
5.22353215156469,4.62566313948626,6.26708383522897,1.10535766045257,4.31229190349383,4.76997983895765,6.44196297137011,1.11372539562556,1.11495739274461,1.12111737833989
5.22353215156469,4.62566313948626,6.26708383522897,1.10535766045257,4.31229190349383,4.76998250211874,6.44196030820902,1.11372539562556,1.11495739274461,1.12111737833989
5.22353215156469,4.62566313948626,6.26708383522897,1.10535766045257,4.31229190349383,4.76998250211874,6.44196030820902,1.11372539562556,1.11495739274461,1.12111737833989
5.22353215156469,4.62566313948626,6.26708383522897,1.10535766045257,4.31229190349383,4.76998250211874,6.44195817768015,1.11372539562556,1.11495739274461,1.12111737833989
5.22353215156469,4.62566313948626,6.26708383522897,1.10535766045257,4.31229190349383,4.76998250211874,6.44195817768015,1.11372539562556,1.11495739274461,1.12111737833989
5.22353215156469,4.62566313948626,6.26708383522897,1.10535766045257,4.31229190349383,4.76998250211874,6.44195551451906,1.11372539562556,1.11495739274461,1.12111737833989
5.22353215156469,4.62566313948626,6.26708383522897,1.10535766045257,4.31229190349383,4.76998250211874,6.44195551451906,1.11372539562556,1.11495739274461,1.12111737833989
5.22353002103582,4.62566313948626,6.26708383522897,1.10535766045257,4.31229190349383,4.76998250211874,6.44195285135797,1.11372539562556,1.11495739274461,1.12111737833989
5.22353002103582,4.62566313948626,6.26708383522897,1.10535766045257,4.31229190349383,4.76998250211874,6.44195285135797,1.11372539562556,1.11495739274461,1.12111737833989
5.22353002103582,4.62566313948626,6.26708383522897,1.10535766045257,4.31229190349383,4.76998250211874,6.44195285135797,1.11372539562556,1.11495739274461,1.12111737833989
5.22353002103582,4.62566313948626,6.26708383522897,1.10535766045257,4.31229190349383,4.76998250211874,6.44195285135797,1.11372539562556,1.11495739274461,1.12111737833989
5.22353002103582,4.62566313948626,6.26708383522897,1.10535766045257,4.31229190349383,4.76998250211874,6.44195285135797,1.11372539562556,1.11495739274461,1.12111737833989
5.22353002103582,4.62566313948626,6.26708383522897,1.10535766045257,4.31229190349383,4.76998250211874,6.4419507208291,1.11372539562556,1.11495739274461,1.12111737833989
5.22353002103582,4.62566313948626,6.26708383522897,1.10535766045257,4.31229190349383,4.76998250211874,6.4419507208291,1.11372539562556,1.11495739274461,1.12111737833989
5.22353002103582,4.62566313948626,6.26708383522897,1.10535766045257,4.31229190349383,4.76998250211874,6.4419507208291,1.11372539562556,1.11495739274461,1.12111737833989
5.22353002103582,4.62566313948626,6.26708383522897,1.10535766045257,4.31229190349383,4.76998250211874,6.4419507208291,1.11372539562556,1.11495739274461,1.12111737833989
5.22353002103582,4.62566313948626,6.26708383522897,1.10535766045257,4.31229190349383,4.76998250211874,6.4419507208291,1.11372539562556,1.11495739274461,1.12111737833989
5.22353002103582,4.62566313948626,6.26708383522897,1.10535766045257,4.31229190349383,4.76998250211874,6.4419507208291,1.11372539562556,1.11495739274461,1.12111737833989
5.22352842313916,4.62566313948626,6.26708383522897,1.10535766045257,4.31229190349383,4.76998250211874,6.4419507208291,1.11372539562556,1.11495739274461,1.12111737833989
5.22352842313916,4.62566313948626,6.26708383522897,1.10535766045257,4.31228950664885,4.76998250211874,6.4419507208291,1.11372539562556,1.11495739274461,1.12111737833989
5.22352842313916,4.62566313948626,6.26708383522897,1.10535766045257,4.31228950664885,4.76998250211874,6.4419507208291,1.11372539562556,1.11495739274461,1.12111737833989
5.22352842313916,4.62566313948626,6.26708383522897,1.10535766045257,4.31228950664885,4.76998250211874,6.44194805766801,1.11372539562556,1.11495739274461,1.12111737833989
5.22352842313916,4.62566313948626,6.26708383522897,1.10535766045257,4.31228950664885,4.76998250211874,6.44194805766801,1.11372539562556,1.11495739274461,1.12111737833989
5.22352842313916,4.62566313948626,6.26708383522897,1.10535766045257,4.31228950664885,4.76998250211874,6.44194805766801,1.11372539562556,1.11495739274461,1.12111737833989
5.22352842313916,4.62566313948626,6.26708383522897,1.10535766045257,4.31228950664885,4.76998250211874,6.44194805766801,1.11372539562556,1.11495739274461,1.12111737833989
5.22352842313916,4.62566313948626,6.26708383522897,1.10535766045257,4.31228950664885,4.76998250211874,6.44194805766801,1.11372539562556,1.11495739274461,1.12111737833989
5.22352842313916,4.62566313948626,6.26708383522897,1.10535766045257,4.31228950664885,4.76998250211874,6.44194805766801,1.11372539562556,1.11495739274461,1.12111737833989
5.22352842313916,4.62566313948626,6.26708383522897,1.10535766045257,4.31228950664885,4.76998250211874,6.44194805766801,1.11372539562556,1.11495739274461,1.12111737833989
5.22352842313916,4.62566313948626,6.26708383522897,1.10535766045257,4.31228950664885,4.76998250211874,6.44194805766801,1.11372539562556,1.11495739274461,1.12111737833989
5.22352842313916,4.62566313948626,6.26708383522897,1.10535766045257,4.31228950664885,4.76998250211874,6.44194805766801,1.11372539562556,1.11495739274461,1.12111737833989
5.22352842313916,4.62566313948626,6.26708383522897,1.10535766045257,4.31228950664885,4.76998250211874,6.44194805766801,1.11372539562556,1.11495739274461,1.12111737833989
5.22352842313916,4.62566313948626,6.26708383522897,1.10535766045257,4.31228950664885,4.76998250211874,6.44194539450692,1.11372539562556,1.11495739274461,1.12111737833989
5.22352842313916,4.62566313948626,6.26708383522897,1.10535766045257,4.31228950664885,4.76998250211874,6.44194539450692,1.11372539562556,1.11495739274461,1.12111737833989
5.22352842313916,4.62566313948626,6.26708383522897,1.10535766045257,4.31228950664885,4.76998250211874,6.44194539450692,1.11372539562556,1.11495739274461,1.12111737833989
5.22352842313916,4.62566313948626,6.26708383522897,1.10535766045257,4.31228950664885,4.76998250211874,6.44194539450692,1.11372539562556,1.11495739274461,1.12111737833989
5.22352842313916,4.62566313948626,6.26708383522897,1.10535766045257,4.31228950664885,4.76998250211874,6.44194539450692,1.11372539562556,1.11495739274461,1.12111737833989
5.22352842313916,4.62566313948626,6.26708383522897,1.10535766045257,4.31228950664885,4.76998250211874,6.44194539450692,1.11372539562556,1.11495739274461,1.12111737833989
5.22352842313916,4.62566313948626,6.26708383522897,1.10535766045257,4.31228950664885,4.76998250211874,6.44194539450692,1.11372539562556,1.11495739274461,1.12111737833989
5.22352842313916,4.62566313948626,6.26708383522897,1.10535766045257,4.31228950664885,4.76998250211874,6.44194539450692,1.11372539562556,1.11495739274461,1.12111737833989
5.22352842313916,4.62566313948626,6.26708383522897,1.10535766045257,4.31228950664885,4.76998250211874,6.44194539450692,1.11372539562556,1.11495739274461,1.12111737833989
5.22352842313916,4.62566313948626,6.26708383522897,1.10535766045257,4.31228950664885,4.76998250211874,6.44194539450692,1.11372539562556,1.11495739274461,1.12111737833989
5.22352842313916,4.62566313948626,6.26708383522897,1.10535766045257,4.31228950664885,4.76998250211874,6.44194539450692,1.11372539562556,1.11495739274461,1.12111737833989
5.22352842313916,4.62566313948626,6.26708383522897,1.10535766045257,4.31228950664885,4.76998250211874,6.44194539450692,1.11372539562556,1.11495739274461,1.12111737833989
5.22352842313916,4.62566313948626,6.26708383522897,1.10535766045257,4.31228950664885,4.76998250211874,6.44194539450692,1.11372539562556,1.11495739274461,1.12111737833989
5.22352842313916,4.62566313948626,6.26708383522897,1.10535766045257,4.31228950664885,4.76998250211874,6.44194539450692,1.11372539562556,1.11495739274461,1.12111737833989
5.22352842313916,4.62566313948626,6.26708383522897,1.10535766045257,4.31228950664885,4.76998250211874,6.44194539450692,1.11372539562556,1.11495739274461,1.12111737833989
5.22352842313916,4.62566313948626,6.26708383522897,1.10535766045257,4.31228950664885,4.76998250211874,6.44194539450692,1.11372539562556,1.11495739274461,1.12111737833989
5.22352842313916,4.62566313948626,6.26708383522897,1.10535766045257,4.31228950664885,4.76998250211874,6.44194539450692,1.11372539562556,1.11495739274461,1.12111737833989
5.22352842313916,4.62566313948626,6.26708383522897,1.10535766045257,4.31228950664885,4.76998250211874,6.44194539450692,1.11372539562556,1.11495739274461,1.12111737833989
5.22352842313916,4.62566313948626,6.26708383522897,1.10535766045257,4.31228950664885,4.76998250211874,6.44194326397804,1.11372539562556,1.11495739274461,1.12111737833989
5.22352842313916,4.62566313948626,6.26708383522897,1.10535766045257,4.31228950664885,4.76998250211874,6.44194326397804,1.11372539562556,1.11495739274461,1.12111737833989
5.22352842313916,4.62566313948626,6.26708383522897,1.10535766045257,4.31228950664885,4.76998250211874,6.44194326397804,1.11372539562556,1.11495739274461,1.12111737833989
5.22352842313916,4.62566313948626,6.26708383522897,1.10535766045257,4.31228950664885,4.76998250211874,6.44194326397804,1.11372539562556,1.11495739274461,1.12111737833989
5.22352842313916,4.62566313948626,6.26708383522897,1.10535766045257,4.31228950664885,4.76998250211874,6.44194326397804,1.11372539562556,1.11495739274461,1.12111737833989
5.22352682524251,4.62566313948626,6.26708383522897,1.10535766045257,4.31228950664885,4.76998250211874,6.44194326397804,1.11372539562556,1.11495739274461,1.12111737833989
5.22352682524251,4.62566313948626,6.26708383522897,1.10535766045257,4.31228950664885,4.76998250211874,6.44194326397804,1.11372539562556,1.11495739274461,1.12111737833989
5.22350125889604,4.62550974140747,6.26708703102228,1.10535246728844,4.31228950664885,4.76997983895765,6.44182928068339,1.11372539562556,1.11495739274461,1.12111737833989
5.22291003713405,4.62342501890616,6.26710940157543,1.10533715411217,4.31229190349383,4.76997504526769,6.43935467139849,1.11372539562556,1.11495739274461,1.12111737833989
5.2220897835183,4.61990378731285,6.26717757849934,1.10528429036453,4.31229190349383,4.76996226209446,6.43625848031516,1.11372539562556,1.11495739274461,1.12111737833989
5.22105541175091,4.61619666707546,6.26729529021952,1.10516338285104,4.31229696349991,4.76994255470239,6.43308239439913,1.11372539562556,1.11495739274461,1.12111737833989
5.22024900657284,4.61283362725091,6.2675046146812,1.10495885207933,4.31229696349991,4.76992018414924,6.4306157745975,1.11372539562556,1.11495739274461,1.12111737833989
5.21945005824581,4.60942478105561,6.26795309100877,1.10446110727159,4.31229696349991,4.76975400289721,6.42800800725809,1.11372539562556,1.11495739274461,1.12111737833989
5.21840503383407,4.60614057079932,6.26812353331853,1.1039395271721,4.31229696349991,4.76950366575475,6.42538479358437,1.11372539562556,1.11495739274461,1.12111737833989
5.21767532769539,4.60279137941244,6.26849318007784,1.10291181330744,4.31229696349991,4.7691297579377,6.42263534607497,1.11372539562556,1.11495739274461,1.12111737833989
5.2167208507607,4.59913539186798,6.26903167125025,1.10199648484078,4.31230175718987,4.76879952596253,6.41943955276687,1.11372539562556,1.11495739274461,1.12111737833989
5.21554479882332,4.5954314674239,6.26976297528559,1.10105905213707,4.31230442035096,4.76836596333707,6.41601632550169,1.11372539562556,1.11495739274461,1.12111737833989
5.21464145458157,4.59186229893097,6.27072277854245,1.10000750298065,4.31230681719594,4.76758246134436,6.41262718669845,1.11372539562556,1.11495739274461,1.12111737833989
5.21382173359804,4.58876397731878,6.27135820877854,1.09913478509143,4.31230921404092,4.76715848609882,6.40960982518339,1.11372539562556,1.11495739274461,1.12111737833989
5.21303290528316,4.58546591862482,6.27209643703272,1.09789055623015,4.31231187720201,4.76612464696365,6.4063698234012,1.11372539562556,1.11495739274461,1.12111737833989
5.21213435473137,4.58215560938985,6.27310737298251,1.09696164564193,4.31231427404699,4.76536884184629,6.40347656519294,1.11372539562556,1.11495739274461,1.12111737833989
5.21127521896371,4.5787808516565,6.27391857185055,1.09601915293215,4.31231906773695,4.76483567699606,6.40103178331225,1.11372539562556,1.11495739274461,1.12111737833989
5.21049970645428,4.57521860738242,6.27467331170348,1.0951055555202,4.31232173089804,4.76395044224971,6.39855024980851,1.11372539562556,1.11495739274461,1.12111737833989
5.2097907729721,4.57191202657297,6.27544882421291,1.09437771359428,4.31232652458801,4.76353179332635,6.3962173206936,1.11372539562556,1.11495739274461,1.12111737833989
5.20883629603741,4.56890371980562,6.27590901844927,1.09316757319495,4.31233158459408,4.76280528298098,6.39372087348776,1.11372539562556,1.11495739274461,1.12111737833989
5.20801977084719,4.56567064224226,6.27670157518968,1.09202907182894,4.31233664460015,4.76160526259379,6.39027740619829,1.11372539562556,1.11495739274461,1.12111737833989
5.20724106254446,4.5623486150985,6.27797989251292,1.09114104076345,4.31234143829011,4.76072269100854,6.38701503386294,1.11372539562556,1.11495739274461,1.12111737833989
5.2063052277374,4.5589072783379,6.27875753555122,1.09020707016916,4.31234649829618,4.76027421468097,6.38400512919893,1.11372539562556,1.11495739274461,1.12111737833989
5.20532039076629,4.55532319614287,6.27952772173847,1.08925086217977,4.31235129198614,4.75948325583721,6.38081199905193,1.11372539562556,1.11495739274461,1.12111737833989
5.20450013715055,4.5517763982031,6.28055889771255,1.08798612697809,4.3123587488372,4.75875674549184,6.37753471301448,1.11372539562556,1.11495739274461,1.12111737833989
5.20353074651376,4.5487015124085,6.28112295523143,1.08707252956614,4.31236380884327,4.75802757198538,6.374936533055,1.11372539562556,1.11495739274461,1.12111737833989
5.2026508380896,4.54562343082058,6.2817163075223,1.08607544205401,4.31237126569432,4.75710558561599,6.37256152599486,1.11372539562556,1.11495739274461,1.12111737833989
5.20156373573262,4.54224494466171,6.2828071383048,1.08503068395837,4.31238111939035,4.75577933139313,6.36999796712955,1.11372539562556,1.11495739274461,1.12111737833989
5.20072164419594,4.53881905423543,6.28367106776242,1.08424318722404,4.31239363624748,4.75499103571047,6.367563305261,1.11372539562556,1.11495739274461,1.12111737833989
5.19993068535219,4.53554656188794,6.28440556759106,1.08305528421981,4.31255715433841,4.75416758630142,6.36508922860832,1.11372539562556,1.11495739274461,1.12111737833989
5.1989730126242,4.53237793282296,6.285172557985,1.08210586729119,4.31262666284286,4.75328767787726,6.36188118475921,1.11372539562556,1.11495739274461,1.12111737833989
5.19820069590807,4.5292098363902,6.28554273737652,1.08118041881239,4.31268365449019,4.75244984739832,6.35852666705015,1.11372539562556,1.11495739274461,1.12111737833989
5.19732824433496,4.5260907421215,6.28613076334521,1.0800231421607,4.31276035352958,4.7514975009925,6.35539585487265,1.11372539562556,1.11495739274461,1.12111737833989
5.19637536529693,4.5229716478528,6.28703570548362,1.0790669341713,4.31294890533476,4.75086313602085,6.35248981349115,1.11372539562556,1.11495739274461,1.12111737833989
5.19558973277536,4.51955427954201,6.2877771295311,1.07805613137956,4.3134349322337,4.75032997117061,6.34954488995774,1.11372539562556,1.11495739274461,1.12111737833989
5.19487014664882,4.5160207974077,6.28849458512877,1.07705904386744,4.31364558827592,4.74958854712313,6.34658984641219,1.11372539562556,1.11495739274461,1.12111737833989
5.19410315625488,4.51279411143096,6.28906396896983,1.07614038644942,4.31373480417244,4.74889932103302,6.34419992564996,1.11372539562556,1.11495739274461,1.12111737833989
5.19346932391544,4.50982362155108,6.28980006669512,1.07519270057551,4.31381416637292,4.74820530125295,6.34192398818237,1.11372539562556,1.11495739274461,1.12111737833989
5.19258302390466,4.5065750976534,6.2907188572712,1.07434222008139,4.31388101171629,4.74705268513316,6.33933060191285,1.11372539562556,1.11495739274461,1.12111737833989
5.19165571121309,4.50318329568908,6.29136174435835,1.07313381073677,4.31400005501701,4.74607317448423,6.33670046402029,1.11372539562556,1.11495739274461,1.12111737833989
5.19088552502584,4.49983197377332,6.29229704653318,1.07212141004838,4.31413640886482,4.74545372321468,6.33342264535062,1.11372539562556,1.11495739274461,1.12111737833989
5.19003491137367,4.49619995467867,6.29325525189339,1.07128278062111,4.31435958176417,4.74464785066882,6.33020501412159,1.11372539562556,1.11495739274461,1.12111737833989
5.18898509327196,4.49294610445881,6.29390772636046,1.07022430724586,4.31458275466352,4.7439437108766,6.32722760002288,1.11372539562556,1.11495739274461,1.12111737833989
5.1882825513764,4.4899804082689,6.29447551230487,1.06931936510745,4.3147388159034,4.74338604494434,6.32426723015515,1.11372539562556,1.11495739274461,1.12111737833989
5.18731475863626,4.48676757072983,6.29527499326411,1.06829324913944,4.31484800550809,4.74221798249023,6.32109913372239,1.11372539562556,1.11495739274461,1.12111737833989
5.18605188764735,4.4833400824069,6.29600949309275,1.06726034211066,4.31492230770251,4.74109040008469,6.31809189221947,1.11372539562556,1.11495739274461,1.12111737833989
5.18518050133867,4.47990407196848,6.29733361678674,1.06628882094499,4.31504374784821,4.74016788108309,6.31563219663668,1.11372539562556,1.11495739274461,1.12111737833989
5.18430272344338,4.4762534107462,6.29813309774598,1.06528148026267,4.31517024799999,4.73955056034241,6.31313095574087,1.11372539562556,1.11495739274461,1.12111737833989
5.18357514783357,4.47300115842299,6.29881326908839,1.06442420870778,4.31537850719724,4.73879475522504,6.31068617386018,1.11372539562556,1.11495739274461,1.12111737833989
5.18267499938513,4.46982400724253,6.30006921585847,1.06330954263352,4.31583204353088,4.73774813291664,6.30798679377928,1.11372539562556,1.11495739274461,1.12111737833989
5.181677911873,4.46644578739976,6.30079199777832,1.06226465137983,4.31602805218711,4.73670470640155,6.30446396428932,1.11372539562556,1.11495739274461,1.12111737833989
5.18080013397771,4.46288886944785,6.30142636274997,1.06116023847577,4.31617665657593,4.73598085921727,6.3011195665924,1.11372539562556,1.11495739274461,1.12111737833989
5.18000278354734,4.45943901057176,6.30242824395206,1.06016141990894,4.31627093247852,4.73531879737027,6.29792643644539,1.11372539562556,1.11495739274461,1.12111737833989
5.17888798431504,4.45590233264414,6.30334863242479,1.0591166618133,4.31639237262423,4.73477338197902,6.29473277366617,1.11372539562556,1.11495739274461,1.12111737833989
5.17817372451068,4.45250200856433,6.30419391975478,1.05815699171449,4.31656361388232,4.73362289638811,6.29153218666811,1.11372539562556,1.11495739274461,1.12111737833989
5.1770184452298,4.44928570891584,6.30498487859854,1.05700996823299,4.31680409732876,4.73249478135035,6.28874598753567,1.11372539562556,1.11495739274461,1.12111737833989
5.17598513872685,4.44588192272661,6.30554893611742,1.05603671601263,4.31707174501831,4.73179064155813,6.28618722236032,1.11372539562556,1.11495739274461,1.12111737833989
5.17517234196216,4.44216468247707,6.30637078762982,1.05520327974948,4.3172104957111,4.73100767219765,6.28359649925189,1.11372539562556,1.11495739274461,1.12111737833989
5.17426739982375,4.43848818859222,6.30736414671642,1.05400845252642,4.31730716845867,4.73023908390705,6.28094132764509,1.11372539562556,1.11495739274461,1.12111737833989
5.17347803887665,4.43490384008108,6.30807361283081,1.0528000431818,4.31741129805729,4.72946037560432,6.2778227660086,1.11372539562556,1.11495739274461,1.12111737833989
5.17241650286614,4.43157169292517,6.30870211884807,1.05182505990672,4.31752794451304,4.72843931964238,6.27454281681006,1.11372539562556,1.11495739274461,1.12111737833989
5.17155576920183,4.42827363423122,6.30966884632377,1.05080759921225,4.3177188931632,4.72715248020365,6.27108443581848,1.11372539562556,1.11495739274461,1.12111737833989
5.17084150939747,4.42506585669822,6.31036233347163,1.04986670439913,4.31802382510801,4.72627470230836,6.26801753950715,1.11372539562556,1.11495739274461,1.12111737833989
5.16997544941098,4.42169109896487,6.3109556857625,1.04872993408783,4.31828401594651,4.72559772675926,6.26517168556629,1.11372539562556,1.11495739274461,1.12111737833989
5.16891391340047,4.41813071890355,6.31200869965751,1.04778557716529,4.31844274034748,4.72477214682134,6.26204034075658,1.11372539562556,1.11495739274461,1.12111737833989
5.1682880705443,4.41485636234329,6.31270112154094,1.0467629233067,4.318531956244,4.72390981526037,6.25973244535591,1.11372539562556,1.11495739274461,1.12111737833989
5.1672947114577,4.41172368595303,6.31342017503526,1.04575731367908,4.31863608584262,4.72293776146249,6.2571688864906,1.11372539562556,1.11495739274461,1.12111737833989
5.16628697130122,4.40839846301596,6.31436772775111,1.04487447577772,4.31878495654756,4.72224107852133,6.25453608543695,1.11372539562556,1.11495739274461,1.12111737833989
5.16547417453652,4.40484980086343,6.31498132006626,1.04365408220819,4.31901531998185,4.72142295543446,6.25169981887602,1.11372539562556,1.11495739274461,1.12111737833989
5.16464433354086,4.40137783775029,6.31561035871574,1.0427303647841,4.31923103603015,4.72090257375746,6.2486158783337,1.11372539562556,1.11495739274461,1.12111737833989
5.16383100414395,4.39806273482536,6.31677096431879,1.04183714055449,4.31939482043718,4.72007166749735,6.24559372312868,1.11372539562556,1.11495739274461,1.12111737833989
5.162839242954,4.3946640086422,6.31763542640863,1.04065096860496,4.31948137317261,4.71942238882359,6.24217209376015,1.11372539562556,1.11495739274461,1.12111737833989
5.16184535123518,4.39152627224587,6.31826393242589,1.03961979263089,4.31958310592625,4.71804127348227,6.23903861842156,1.11372539562556,1.11495739274461,1.12111737833989
5.16102722814831,4.38843434222029,6.3192546283514,1.03870446416423,4.31966246812674,4.71744898645584,6.23601433268767,1.11372539562556,1.11495739274461,1.12111737833989
5.16011909021659,4.38518741621927,6.32023467163255,1.03762721550329,4.31973677032115,4.716472138968,6.2332126872209,1.11372539562556,1.11495739274461,1.12111737833989
5.15918165751289,4.3817974784677,6.32051590144366,1.03673931759586,4.31980867567058,4.7158127402821,6.23082756014863,1.11372539562556,1.11495739274461,1.12111737833989
5.15858830522202,4.37841766072828,6.32137290668245,1.03587512182213,4.31991040842422,4.7150116614262,6.22864856174473,1.11372539562556,1.11495739274461,1.12111737833989
5.15751132287719,4.37508205146296,6.32224908668109,1.03494115122784,4.32007658967624,4.71394320119686,6.22590177739642,1.11372539562556,1.11495739274461,1.12111737833989
5.15649186481191,4.37188785605152,6.32323765207772,1.03381276987397,4.32046567751151,4.71299884427432,6.22335046907212,1.11372539562556,1.11495739274461,1.12111737833989
5.15571635230247,4.36875171755184,6.32391249709795,1.0327833249546,4.32075329890923,4.71229204132101,6.22029369277293,1.11372539562556,1.11495739274461,1.12111737833989
5.15492059976876,4.365256052305,6.3246677695831,1.03189702494382,4.32089204960203,4.71142225290899,6.21698924249236,1.11372539562556,1.11495739274461,1.12111737833989
5.1541088682685,4.36156411208583,6.32526431766727,1.03078741887564,4.32099884236174,4.71052210446054,6.21359744052803,1.11372539562556,1.11495739274461,1.12111737833989
5.15317676188697,4.3581723101215,6.3259833711616,1.02979379347293,4.32107554140113,4.70974605931889,6.21073667288507,1.11372539562556,1.11495739274461,1.12111737833989
5.15231922401597,4.35476026813289,6.32695489232726,1.02885636076922,4.32115996360769,4.70876441814109,6.20760532807536,1.11372539562556,1.11495739274461,1.12111737833989
5.15148618722699,4.35159669907399,6.32768779425925,1.0276819067285,4.32132348169862,4.70797612245843,6.20460341289462,1.11372539562556,1.11495739274461,1.12111737833989
5.15064888938027,4.34844351634333,6.32822628543166,1.02662516440795,4.32162601679845,4.70716066253265,6.20211175937874,1.11372539562556,1.11495739274461,1.12111737833989
5.14958575547311,4.34493426897494,6.32905293063402,1.02577987707796,4.32183906968566,4.70677610207124,6.1994587183008,1.11372539562556,1.11495739274461,1.12111737833989
5.14894819470815,4.34142635318708,6.32990514218285,1.02476574533486,4.3219408024393,4.70604000434594,6.19689302890662,1.11372539562556,1.11495739274461,1.12111737833989
5.14796442300147,4.33792909004359,6.33052938714236,1.02367824350373,4.32204253519294,4.70496408726555,6.19427993524504,1.11372539562556,1.11495739274461,1.12111737833989
5.14702699029776,4.33477404310017,6.33142900295859,1.02264200752358,4.32211923423234,4.70400694716977,6.19106922823484,1.11372539562556,1.11495739274461,1.12111737833989
5.14622111775191,4.3319838492261,6.33219439545588,1.0216790084734,4.32221590697991,4.7032804368244,6.1881264352303,1.11372539562556,1.11495739274461,1.12111737833989
5.14535665566207,4.32860589569944,6.33295978795317,1.0207415757697,4.32234986398274,4.70259866758534,6.18472291535718,1.11372539562556,1.11495739274461,1.12111737833989
5.14450817253877,4.3252548400998,6.33364155719223,1.01964901393249,4.32258289057812,4.70179545820057,6.18177479603046,1.11372539562556,1.11495739274461,1.12111737833989
5.14356541351288,4.32159033043985,6.33444103815147,1.01874393863603,4.32299434896654,4.7010689478552,6.17858432904454,1.11372539562556,1.11495739274461,1.12111737833989
5.14248843116805,4.31794632712029,6.3351632874391,1.01759518409982,4.32322018502697,4.70047399766768,6.17561916548685,1.11372539562556,1.11495739274461,1.12111737833989
5.14157656481081,4.31457156938694,6.33627116245257,1.01663218504965,4.32335147886872,4.69914294975485,6.17297411389218,1.11372539562556,1.11495739274461,1.12111737833989
5.14079412808254,4.31162984164684,6.33721072568515,1.01586519465571,4.32343563475916,4.69817089595697,6.17070297011456,1.11372539562556,1.11495739274461,1.12111737833989
5.139737385762,4.30829769449093,6.33789569071752,1.01462602580049,4.32353976435778,4.69718925477917,6.16802329742573,1.11372539562556,1.11495739274461,1.12111737833989
5.13903857229196,4.30458711214413,6.33901368574314,1.01346195808802,4.32376054041215,4.69632905374708,6.16534788579463,1.11372539562556,1.11495739274461,1.12111737833989
5.13806012690747,4.30108798478787,6.33994419422801,1.01260468653312,4.32405295549984,4.69582305313996,6.16213504825556,1.11372539562556,1.11495739274461,1.12111737833989
5.1370529193832,4.29787328303604,6.34036177788693,1.01166885172607,4.32423165360899,4.69478708347592,6.15908839196851,1.11372539562556,1.11495739274461,1.12111737833989
5.13629764689805,4.29489240682791,6.34118522729599,1.01083208651157,4.32432832635656,4.69397109091792,6.15612802210078,1.11372539562556,1.11495739274461,1.12111737833989
5.13551201437648,4.29175786622489,6.34213810633402,1.00960649977791,4.32442233594304,4.69354498514351,6.15285339922442,1.11372539562556,1.11495739274461,1.12111737833989
5.13466140072431,4.28833703580468,6.34320337077005,1.00862818755147,4.32451421500064,4.69269437149134,6.14967251961843,1.11372539562556,1.11495739274461,1.12111737833989
5.13389441033036,4.28481580421138,6.34404013598455,1.00758516051054,4.32459837089109,4.69192844636183,6.14706901333676,1.11372539562556,1.11495739274461,1.12111737833989
5.13294525971786,4.28143412225919,6.34439966273171,1.00666130992839,4.32468039625267,4.69133828986427,6.14463222093934,1.11372539562556,1.11495739274461,1.12111737833989
5.13219691145155,4.27801009604568,6.34506598563645,1.00587727530347,4.32483139748647,4.69059473528792,6.14216027481553,1.11372539562556,1.11495739274461,1.12111737833989
5.13145229161076,4.27472375526052,6.34616533853443,1.00454782528731,4.32515390629448,4.68933292956344,6.13939644623625,1.11372539562556,1.11495739274461,1.12111737833989
5.13048396623841,4.27145472502245,6.34685776041785,1.00352863353813,4.32554299412974,4.68869057510851,6.1366544555779,1.11372539562556,1.11495739274461,1.12111737833989
5.12956517566233,4.26804934093657,6.34759918446533,1.00255538131776,4.32566443427545,4.68774355502488,6.13314867031892,1.11372539562556,1.11495739274461,1.12111737833989
5.12880670738388,4.26426552165978,6.34841730755221,1.0013708072649,4.32575871017804,4.68701491415063,6.12969508301731,1.11372539562556,1.11495739274461,1.12111737833989
5.12785595887472,4.26054828141025,6.34935101183039,1.00033284023004,4.32585777977059,4.68616962682064,6.12638583904677,1.11372539562556,1.11495739274461,1.12111737833989
5.12685887136259,4.25709842253416,6.34996460414554,0.99941404965396,4.32597442622633,4.68511821082228,6.12307339928293,1.11372539562556,1.11495739274461,1.12111737833989
5.12596884292629,4.25390768923214,6.35087327470948,0.998229475601093,4.32613048746621,4.68414882018549,6.12001395982265,1.11372539562556,1.11495739274461,1.12111737833989
5.12508627134104,4.25073932648327,6.35166210302436,0.997314280292487,4.32633634981848,4.68314960214449,6.1176117885194,1.11372539562556,1.11495739274461,1.12111737833989
5.12416055654613,4.24727748338228,6.35247862821458,0.996397220771118,4.32656937641386,4.68224732316717,6.11496407376364,1.11372539562556,1.11495739274461,1.12111737833989
5.12292644769698,4.24372882122974,6.35322537858424,0.99540359536841,4.32669587656564,4.6815357265239,6.11262901411986,1.11372539562556,1.11495739274461,1.12111737833989
5.12203375609959,4.24011038425665,6.35405894800543,0.994200246029857,4.32679494615819,4.68044276521253,6.10995892881095,1.11372539562556,1.11495739274461,1.12111737833989
5.12119645825287,4.23673402862665,6.35473698881896,0.993134981593826,4.32688176520972,4.6794632545636,6.10690428304062,1.11372539562556,1.11495739274461,1.12111737833989
5.12012959592018,4.23350574475326,6.35572715211225,0.992154938312677,4.32698589480835,4.67857801981726,6.10354284111273,1.11372539562556,1.11495739274461,1.12111737833989
5.11948191514307,4.23037147046634,6.35661558265191,0.991287413587583,4.32710973179903,4.67800810334399,6.10025277190204,1.11372539562556,1.11495739274461,1.12111737833989
5.11853596032388,4.2268313304293,6.35737192040149,0.990111361650204,4.32733290469838,4.67699876529085,6.09711663340237,1.11372539562556,1.11495739274461,1.12111737833989
5.11743341163259,4.22298439423468,6.35818365190174,0.98914330259396,4.32777419049101,4.67611140001563,6.0938862190001,1.11372539562556,1.11495739274461,1.12111737833989
5.11654551372515,4.21950044689664,6.3592435900156,0.988049009702047,4.32797019914724,4.67531298432082,6.09110960724758,1.11372539562556,1.11495739274461,1.12111737833989
5.11581580758647,4.21640026107168,6.35980072331564,0.987079219591094,4.32807166558477,4.67464133509391,6.08849438305713,1.11372539562556,1.11495739274461,1.12111737833989
5.11509462356328,4.21352484604272,6.36061884640251,0.986336064488908,4.32816833833234,4.67371402240234,6.0860693085685,1.11372539562556,1.11495739274461,1.12111737833989
5.11420352986254,4.21027099582286,6.36148490638901,0.985064538226449,4.32825036369392,4.67303491632437,6.08337205901647,1.11372539562556,1.11495739274461,1.12111737833989
5.11319259391274,4.20659636615077,6.36238825063076,0.984012989070032,4.32833957959043,4.6721992163743,6.08072221373184,1.11372539562556,1.11495739274461,1.12111737833989
5.11236967713591,4.20285861956084,6.36321809162643,0.983036274740245,4.32849084714035,4.671125962455,6.07737781603492,1.11372539562556,1.11495739274461,1.12111737833989
5.1118018911915,4.20032568704807,6.36375338700554,0.982308565972381,4.32875103797885,4.6702183571555,6.07545607899231,1.11372539562556,1.11495739274461,1.12111737833989
5.11159576252313,4.20006682779011,6.363778953352,0.982167018960443,4.32900403828241,4.66991848521676,6.07525527664612,1.11372539562556,1.11495739274461,1.12111737833989
5.11156167406118,4.20003273932816,6.36378427967418,0.98203239616734,4.32910310787496,4.66981408930203,6.07520361132098,1.11372539562556,1.11495739274461,1.12111737833989
5.11154303193355,4.20001223298777,6.36379120389301,0.981926668672064,4.32913772896913,4.66976988082793,6.07516366390462,1.11372539562556,1.11495739274461,1.12111737833989
5.11153237928919,4.19999518875679,6.36379280178967,0.981877267033843,4.32915264267124,4.66976455450575,6.07514395651256,1.11372539562556,1.11495739274461,1.12111737833989
5.11152758559922,4.19998320453188,6.36379439968632,0.981858491748158,4.32916515952836,4.66975976081579,6.07513383650042,1.11372539562556,1.11495739274461,1.12111737833989
5.11152225927705,4.19997628031305,6.36379759547963,0.981848371736015,4.32916995321832,4.66975230396474,6.07512637964936,1.11372539562556,1.11495739274461,1.12111737833989
5.11152066138039,4.19996962241033,6.36379759547963,0.981841447517181,4.32917741006937,4.66974964080365,6.07511892279831,1.11372539562556,1.11495739274461,1.12111737833989
5.11151906348374,4.19996456240425,6.3637997260085,0.98183638751111,4.32918486692042,4.66974484711369,6.07511412910835,1.11372539562556,1.11495739274461,1.12111737833989
5.11151746558708,4.19995923608207,6.3637997260085,0.98183638751111,4.3291899269265,4.6697421839526,6.07510933541839,1.11372539562556,1.11495739274461,1.12111737833989
5.11151533505821,4.199954176076,6.3637997260085,0.981832925401693,4.32919472061646,4.66973739026263,6.0751066722573,1.11372539562556,1.11495739274461,1.12111737833989
5.11151373716156,4.19995071396659,6.36380132390516,0.981831327505039,4.32919978062253,4.66973525973376,6.07510400909621,1.11372539562556,1.11495739274461,1.12111737833989
5.1115121392649,4.19994751817328,6.36380132390516,0.98182959645033,4.32920217746751,4.66973259657267,6.07510187856733,1.11372539562556,1.11495739274461,1.12111737833989
5.1115121392649,4.19994405606386,6.36380132390516,0.98182959645033,4.3292048406286,4.66972993341158,6.07509921540624,1.11372539562556,1.11495739274461,1.12111737833989
5.1115121392649,4.19994059395444,6.36380292180181,0.981827865395622,4.32920723747358,4.66972780288271,6.07509655224516,1.11372539562556,1.11495739274461,1.12111737833989
5.11151054136825,4.19994059395444,6.36380292180181,0.981826134340913,4.32920963431856,4.66972513972162,6.07509442171628,1.11372539562556,1.11495739274461,1.12111737833989
5.11151054136825,4.19993713184503,6.36380292180181,0.981826134340913,4.32920963431856,4.66972247656053,6.07509175855519,1.11372539562556,1.11495739274461,1.12111737833989
5.11150894347159,4.19993553394837,6.36380292180181,0.981824403286205,4.32921229747965,4.66972034603166,6.0750890953941,1.11372539562556,1.11495739274461,1.12111737833989
5.11150894347159,4.19993366973561,6.36380292180181,0.981824403286205,4.32921229747965,4.66972034603166,6.07508696486523,1.11372539562556,1.11495739274461,1.12111737833989
5.11150894347159,4.19993207183895,6.36380292180181,0.98182280538955,4.32921469432463,4.66971768287057,6.07508696486523,1.11372539562556,1.11495739274461,1.12111737833989
5.11150894347159,4.1999304739423,6.36380451969846,0.98182280538955,4.32921469432463,4.66971768287057,6.07508430170414,1.11372539562556,1.11495739274461,1.12111737833989
5.11150681294272,4.19992860972954,6.36380451969846,0.981821074334842,4.32921469432463,4.66971768287057,6.07508430170414,1.11372539562556,1.11495739274461,1.12111737833989
5.11150681294272,4.19992701183288,6.36380451969846,0.981821074334842,4.32921709116961,4.66971501970948,6.07508163854305,1.11372539562556,1.11495739274461,1.12111737833989
5.11150521504607,4.19992701183288,6.36380451969846,0.981821074334842,4.32921709116961,4.66971501970948,6.07508163854305,1.11372539562556,1.11495739274461,1.12111737833989
5.11150521504607,4.19992514762012,6.36380451969846,0.981821074334842,4.32921709116961,4.66971501970948,6.07507950801418,1.11372539562556,1.11495739274461,1.12111737833989
5.11150521504607,4.19992354972347,6.36380611759512,0.981819343280134,4.32921709116961,4.66971501970948,6.07507950801418,1.11372539562556,1.11495739274461,1.12111737833989
5.11150521504607,4.19992354972347,6.36380611759512,0.981819343280134,4.32921709116961,4.66971288918061,6.07507684485309,1.11372539562556,1.11495739274461,1.12111737833989
5.11156486985449,4.19992514762012,6.36384713027591,0.981851700687378,4.32921229747965,4.66970543232955,6.07491332676216,1.11372539562556,1.11495739274461,1.12111737833989
5.11212040525788,4.19993553394837,6.36450865949068,0.982211360592593,4.32919978062253,4.6696979754785,6.07255323340413,1.11372539562556,1.11495739274461,1.12111737833989
5.1134397352619,4.19996775819756,6.36550574700281,0.983392472536043,4.32918247007544,4.66969264915632,6.07022509797918,1.11372539562556,1.11495739274461,1.12111737833989
5.11586374448609,4.20010091625207,6.36654544509237,0.985364543323247,4.32915024582625,4.66969051862745,6.067659408585,1.11372539562556,1.11495739274461,1.12111737833989
5.11879695011071,4.20033953548574,6.36742641878097,0.987864985270722,4.3290511762337,4.66967773545422,6.06531902261904,1.11372539562556,1.11495739274461,1.12111737833989
5.12198049287779,4.20063940742448,6.36858702438403,0.990402844631513,4.32844370918906,4.66963832067008,6.06302550828826,1.11372539562556,1.11495739274461,1.12111737833989
5.12542023174173,4.20150360319821,6.36958411189616,0.993252560155953,4.32736779210866,4.66879516386896,6.06081668248015,1.11372539562556,1.11495739274461,1.12111737833989
5.12884079584583,4.20258404765246,6.37075377224692,0.996160332592156,4.32597682307132,4.6683141969761,6.0586275640641,1.11372539562556,1.11495739274461,1.12111737833989
5.13228053470978,4.20360350571774,6.3719772284517,0.999393676471621,4.32448438759643,4.66798716079423,6.05643098879701,1.11372539562556,1.11495739274461,1.12111737833989
5.13549869857103,4.20440272036087,6.3729231832709,1.00231156891997,4.32305879746492,4.66777410790703,6.05439100740201,1.11372539562556,1.11495739274461,1.12111737833989
5.13866359921048,4.20553269961139,6.3739048244487,1.0050694053868,4.32168300844578,4.66766758146342,6.05240002817106,1.11372539562556,1.11495739274461,1.12111737833989
5.14217311289499,4.20674630212014,6.37502974369315,1.00792085196595,4.32031440996159,4.6676255035182,6.04975231341531,1.11372539562556,1.11495739274461,1.12111737833989
5.14569594238494,4.20770770327366,6.37641884851773,1.01075698536883,4.31864860269974,4.66759780664287,6.04690113315227,1.11372539562556,1.11495739274461,1.12111737833989
5.14921078239163,4.20906618174571,6.3776684037012,1.01377727636108,4.31734951272,4.66756797923866,6.04404995288923,1.11372539562556,1.11495739274461,1.12111737833989
5.15234479036243,4.21030508428481,6.37893127469011,1.01656054601633,4.31620888082512,4.6675014002114,6.04160090995079,1.11372539562556,1.11495739274461,1.12111737833989
5.15572487441796,4.21144198775417,6.37996085276754,1.01971892191111,4.31482563495494,4.66725106306894,6.03875452337772,1.11372539562556,1.11495739274461,1.12111737833989
5.1590314552274,4.2126401439286,6.3810889678053,1.02265385859043,4.31355370921831,4.66663853601822,6.03640721319292,1.11372539562556,1.11495739274461,1.12111737833989
5.16247119409135,4.21365107987839,6.38233692509211,1.02563500111466,4.31231667089197,4.66638819887575,6.033920353367,1.11372539562556,1.11495739274461,1.12111737833989
5.16567550951493,4.21482872971242,6.383504454914,1.02838418230795,4.31113902105794,4.66630617351418,6.03206839114496,1.11372539562556,1.11495739274461,1.12111737833989
5.16905878936377,4.21616670184408,6.38429541375775,1.03116239195712,4.30988706902949,4.66623693132583,6.02981748739163,1.11372539562556,1.11495739274461,1.12111737833989
5.17229026903047,4.21702743550839,6.38558012266761,1.03380251670377,4.30866494440526,4.66615490596426,6.02774235227024,1.11372539562556,1.11495739274461,1.12111737833989
5.17568526678811,4.21808417782894,6.38663899551702,1.03691481991169,4.30723695742876,4.66590989514397,6.02552820013995,1.11372539562556,1.11495739274461,1.12111737833989
5.17898865180424,4.21903359475755,6.38754553555208,1.03988730716238,4.30621297198962,4.6654880504273,6.02344347763863,1.11372539562556,1.11495739274461,1.12111737833989
5.18238524745853,4.22014493188044,6.38875727384807,1.04293489555582,4.30489151145672,4.66534956605062,6.02055501312033,1.11372539562556,1.11495739274461,1.12111737833989
5.18595441595145,4.22129009114917,6.38983638672177,1.04595678444473,4.30369921423669,4.6652899112422,6.01783805617623,1.11372539562556,1.11495739274461,1.12111737833989
5.18944528750833,4.22244057674009,6.39101563445246,1.04882021524878,4.30250159069449,4.66516847109649,6.01488301263068,1.11372539562556,1.11495739274461,1.12111737833989
5.19262403658545,4.22341050000909,6.3921165852471,1.05148417528719,4.30137134512786,4.66495541820929,6.01239402227589,1.11372539562556,1.11495739274461,1.12111737833989
5.1959694995468,4.22440252751515,6.39326227714805,1.05431191973264,4.29981419483849,4.66459322830104,6.00966428215856,1.11372539562556,1.11495739274461,1.12111737833989
5.19939911839861,4.2257285154219,6.39418266562078,1.05751956410758,4.29824506032421,4.66424115840493,6.0071081801443,1.11372539562556,1.11495739274461,1.12111737833989
5.20305670383972,4.22677327351754,6.39564314316258,1.06068979106921,4.29695342719552,4.66408030347509,6.0046836382879,1.11372539562556,1.11495739274461,1.12111737833989
5.20657473963972,4.22796636968589,6.39670361390865,1.06385149591535,4.29549321596983,4.6639386233051,6.00254405466813,1.11372539562556,1.11495739274461,1.12111737833989
5.21001234797479,4.22926013334345,6.39800909547501,1.06683942950037,4.2939312719905,4.6637079935547,6.0004145910605,1.11372539562556,1.11495739274461,1.12111737833989
5.21347605528855,4.23042420105593,6.3990674356922,1.06958181963288,4.29249582816295,4.66347736380429,5.99805929139243,1.11372539562556,1.11495739274461,1.12111737833989
5.21700900479065,4.23161729722428,6.40023656341075,1.07250144313593,4.29119673818321,4.66325685406604,5.99595965518902,1.11372539562556,1.11495739274461,1.12111737833989
5.22061226174552,4.23290413666301,6.401527131275,1.07556261365092,4.28976129435565,4.66307575911191,5.99333910467638,1.11372539562556,1.11495739274461,1.12111737833989
5.22391351623279,4.23386207570711,6.40258387359554,1.07858450253984,4.28845474752486,4.66295698212729,5.99071855416374,1.11372539562556,1.11495739274461,1.12111737833989
5.22728827396614,4.23529192689637,6.40360652745414,1.08165419517032,4.28725978714374,4.66285045568369,5.98784766650863,1.11372539562556,1.11495739274461,1.12111737833989
5.23063959588189,4.23642723246907,6.40461000655288,1.08471030567924,4.28550449766927,4.66270398182374,5.98513070956453,1.11372539562556,1.11495739274461,1.12111737833989
5.23417627380952,4.2374243199812,6.40575410055718,1.08764351130385,4.28420807085062,4.66225763602504,5.98233385778773,1.11372539562556,1.11495739274461,1.12111737833989
5.23746740828464,4.23837187269705,6.40668301114539,1.09026499392287,4.28299579992242,4.66172713433589,5.97994926334768,1.11372539562556,1.11495739274461,1.12111737833989
5.24092206085069,4.23941157078662,6.40790327155687,1.09312669367221,4.28178086583312,4.66156627940605,5.97751939516909,1.11372539562556,1.11495739274461,1.12111737833989
5.24442465031636,4.24051598369067,6.40889343485016,1.09635151543619,4.28033556830954,4.66144217609926,5.97528074195677,1.11372539562556,1.11495739274461,1.12111737833989
5.24767690263956,4.2415455617681,6.41003539832559,1.09925915471434,4.27881330543045,4.66124616744303,5.97318323628222,1.11372539562556,1.11495739274461,1.12111737833989
5.25071077575338,4.24253572506139,6.41121145026297,1.10217038925996,4.27778212945637,4.66103790824578,5.97135897093552,1.11372539562556,1.11495739274461,1.12111737833989
5.25380590157227,4.24339326293239,6.41211799029803,1.10494007679364,4.27656719536708,4.66084722591173,5.96919169044041,1.11372539562556,1.11495739274461,1.12111737833989
5.25726428256385,4.24460340333173,6.41311720833903,1.10777447914181,4.27537463183094,4.66066133726764,5.96698819095448,1.11372539562556,1.11495739274461,1.12111737833989
5.26085901740324,4.24578957528125,6.41434758876264,1.11053564456001,4.27422680940111,4.66046532861141,5.9642808213903,1.11372539562556,1.11495739274461,1.12111737833989
5.26435787844339,4.24688546606982,6.41570793144745,1.11343835699014,4.27303451218109,4.66028210312842,5.96138010633099,1.11372539562556,1.11495739274461,1.12111737833989
5.26758456442013,4.24803941377015,6.41682592647307,1.11644320164807,4.27165099999479,4.65997211117753,5.95855875347216,1.11372539562556,1.11495739274461,1.12111737833989
5.27083468621446,4.2493211932028,6.41807175323101,1.11951116322385,4.27012128026465,4.65964241183458,5.95601543463113,1.11372539562556,1.11495739274461,1.12111737833989
5.27445338950366,4.25046129246546,6.4191268976549,1.12262852643784,4.2687007501392,4.65945652319049,5.95328090082384,1.11372539562556,1.11495739274461,1.12111737833989
5.27792508630068,4.25169540131461,6.42034556016972,1.12557717839677,4.26720085781327,4.65929300509956,5.95063797975805,1.11372539562556,1.11495739274461,1.12111737833989
5.28135630304914,4.25283576689338,6.42158446270882,1.12839120756261,4.26570362864842,4.65907196272909,5.94813141254006,1.11372539562556,1.11495739274461,1.12111737833989
5.28490469888556,4.2539894482776,6.42281697366131,1.13133133740605,4.26413928782411,4.65880671188451,5.94608131113292,1.11372539562556,1.11495739274461,1.12111737833989
5.28828638083775,4.25548268270081,6.42364202096702,1.13434470417948,4.26286496524251,4.65851695995791,5.94398380545837,1.11372539562556,1.11495739274461,1.12111737833989
5.29176340395695,4.25642863752001,6.42506148582803,1.13758310806501,4.26127585702006,4.65826129649327,5.94168070374767,1.11372539562556,1.11495739274461,1.12111737833989
5.29515840171459,4.25750055985876,6.42605005122467,1.14056757954061,4.2599791638853,4.6581499763597,5.93958319807313,1.11372539562556,1.11495739274461,1.12111737833989
5.29864234905263,4.25848752735875,6.42702849660916,1.14359972159972,4.25886116885968,4.65796408771561,5.93727796583355,1.11372539562556,1.11495739274461,1.12111737833989
5.30215718905932,4.25955279179478,6.42833770660105,1.14653306038239,4.25734130282558,4.6576887168589,5.93440920870732,1.11372539562556,1.11495739274461,1.12111737833989
5.30554206680481,4.26079009643723,6.42943492897016,1.14941699752684,4.25596045380037,4.6573339838017,5.93151595049906,1.11372539562556,1.11495739274461,1.12111737833989
5.3088827360762,4.26185376297661,6.43067276624483,1.15229227939774,4.25461422586933,4.65703411186296,5.92868021657034,1.11372539562556,1.11495739274461,1.12111737833989
5.31219411057561,4.26278267356482,6.43170873590887,1.15530577932922,4.25353830878894,4.6569052148662,5.9261512787992,1.11372539562556,1.11495739274461,1.12111737833989
5.3154106765402,4.263801865314,6.43267865917788,1.15806002052858,4.25217983031689,4.65680348211256,5.92373632432272,1.11372539562556,1.11495739274461,1.12111737833989
5.31887757964727,4.26504103416921,6.43366402878121,1.1611263842077,4.25084851608796,4.6565829723743,5.92134906672157,1.11372539562556,1.11495739274461,1.12111737833989
5.32210373299179,4.26603812168134,6.43501371882166,1.16388408751647,4.24973025474624,4.65632038469082,5.91914503460342,1.11372539562556,1.11495739274461,1.12111737833989
5.32548701284063,4.26720059149716,6.4360054800116,1.1666299397584,4.24851052696698,4.65600559904997,5.91700545098365,1.11372539562556,1.11495739274461,1.12111737833989
5.32870677459853,4.268402209781,6.43731469000349,1.16925128921937,4.24726842863457,4.65586658204107,5.91511886766744,1.11372539562556,1.11495739274461,1.12111737833989
5.33188871946896,4.26951514480055,6.43826597114486,1.17189833818485,4.24639091705539,4.65575739243637,5.91301443777406,1.11372539562556,1.11495739274461,1.12111737833989
5.33528424985881,4.27069465884734,6.43931206082105,1.17508893832882,4.24506199967144,4.65560612488646,5.91071080343114,1.11372539562556,1.11495739274461,1.12111737833989
5.3388938984003,4.27177190750828,6.44064151083721,1.17824891212025,4.24391923724769,4.65528654555565,5.90826655418267,1.11372539562556,1.11495739274461,1.12111737833989
5.34243057632793,4.27284223195038,6.44171529738873,1.18140555696032,4.2423349227152,4.65480824182387,5.90517728731818,1.11372539562556,1.11495739274461,1.12111737833989
5.34586339097304,4.27419218830694,6.44277417023815,1.1844752495908,4.24086485779347,4.65457974260234,5.90226964804003,1.11372539562556,1.11495739274461,1.12111737833989
5.34924507292522,4.27551631200093,6.44381013990219,1.18735399357112,4.2394938624643,4.65450304356295,5.89954257108379,1.11372539562556,1.11495739274461,1.12111737833989
5.35286537411108,4.27647265314838,6.44497447393077,1.19032994293123,4.23800622067938,4.65437894025615,5.89674571930698,1.11372539562556,1.11495739274461,1.12111737833989
5.35636263725457,4.27754990180931,6.44594599509643,1.19335010076544,4.23638755136883,4.65413339680364,5.89418748676385,1.11372539562556,1.11495739274461,1.12111737833989
5.35964205382089,4.27859279569219,6.44714601548362,1.19630900589457,4.2350413234378,4.65389317967332,5.89189663559417,1.11372539562556,1.11495739274461,1.12111737833989
5.36285808715327,4.27963249378176,6.44811753664928,1.19909573765923,4.23379416509931,4.65362047197769,5.88983907733597,1.11372539562556,1.11495739274461,1.12111737833989
5.36607784891118,4.28070308453997,6.44921316112174,1.20206822490992,4.23234886757573,4.65344204018466,5.88774636535139,1.11372539562556,1.11495739274461,1.12111737833989
5.36935566758085,4.28179391532247,6.45048455422615,1.20494017782946,4.23095310484842,4.6532806526226,5.8855796174885,1.11372539562556,1.11495739274461,1.12111737833989
5.3729876866755,4.28277901860969,6.45148377226714,1.20777298228098,4.22947052306957,4.65304043549227,5.88334629059836,1.11372539562556,1.11495739274461,1.12111737833989
5.37662982578229,4.28398063689353,6.4525469061743,1.21064666625523,4.22784173374688,4.65278743518872,5.88099844778135,1.11372539562556,1.11495739274461,1.12111737833989
5.37999819192902,4.28506960346326,6.453767699218,1.21359358715946,4.22660975542661,4.65232138199795,5.87862823441118,1.11372539562556,1.11495739274461,1.12111737833989
5.38250688967588,4.28575829692116,6.45473922038366,1.2158655298854,4.22566992587792,4.65209075224755,5.87664471203128,1.11372539562556,1.11495739274461,1.12111737833989
5.38273166047188,4.28606669097539,6.45486865001264,1.21631720200628,4.22562784793269,4.65195173523865,5.87645669285832,1.11372539562556,1.11495739274461,1.12111737833989
5.38296388811894,4.28620144692655,6.45508010500319,1.21642798950763,4.22560814054063,4.65181058770088,5.87636987380679,1.11372539562556,1.11495739274461,1.12111737833989
5.38312207988769,4.28622008905418,6.45518556618235,1.21645355585409,4.22559322683852,4.65168648439408,5.87632033901051,1.11372539562556,1.11495739274461,1.12111737833989
5.38314445044084,4.28622701327301,6.45520101251668,1.21646380902429,4.22558337314249,4.65164440644885,5.87628518528412,1.11372539562556,1.11495739274461,1.12111737833989
5.38315457045299,4.28623047538243,6.45520953463216,1.21647060008507,4.22557591629144,4.65161457904465,5.87625802104101,1.11372539562556,1.11495739274461,1.12111737833989
5.38316149467182,4.28623393749185,6.45521432832213,1.21647406219449,4.22557085628537,4.65158741480153,5.87623565048785,1.11372539562556,1.11495739274461,1.12111737833989
5.38316469046513,4.2862355353885,6.45521805674765,1.2164757932492,4.2255657962793,4.65157037057055,5.87621327993469,1.11372539562556,1.11495739274461,1.12111737833989
5.38316841889065,4.28623899749792,6.45522125254096,1.2164775243039,4.22556339943431,4.65155545686845,5.87618611569157,1.11372539562556,1.11495739274461,1.12111737833989
5.38317001678731,4.28623899749792,6.45522285043762,1.21648085325527,4.22556100258933,4.65154267369521,5.87614883143631,1.11372539562556,1.11495739274461,1.12111737833989
5.38317321258062,4.28624059539457,6.45522498096649,1.21648085325527,4.22555860574435,4.6515304231542,5.87610462296222,1.11372539562556,1.11495739274461,1.12111737833989
5.38317481047727,4.28624059539457,6.45522657886314,1.21648258430998,4.22555594258326,4.65152083577427,5.87607213239692,1.11372539562556,1.11495739274461,1.12111737833989
5.38317694100614,4.28624245960733,6.45522657886314,1.21648258430998,4.22555594258326,4.65151337892322,5.87604763131489,1.11372539562556,1.11495739274461,1.12111737833989
5.3831785389028,4.28624405750399,6.45522817675979,1.21648431536468,4.22555354573828,4.65150592207217,5.87602526076173,1.11372539562556,1.11495739274461,1.12111737833989
5.38318013679945,4.28624405750399,6.45522977465645,1.21648604641939,4.22555354573828,4.65150059574999,5.87601034705963,1.11372539562556,1.11495739274461,1.12111737833989
5.38318013679945,4.28624405750399,6.45522977465645,1.21648604641939,4.2255511488933,4.65149580206003,5.87599756388639,1.11372539562556,1.11495739274461,1.12111737833989
5.38318013679945,4.28624565540064,6.4552313725531,1.21648764431605,4.2255511488933,4.65149100837007,5.87598797650647,1.11372539562556,1.11495739274461,1.12111737833989
5.3831817346961,4.28624565540064,6.4552313725531,1.21648764431605,4.2255511488933,4.65148834520898,5.87597785649433,1.11372539562556,1.11495739274461,1.12111737833989
5.3831817346961,4.28624565540064,6.45523350308197,1.21648764431605,4.22554848573221,4.65148355151901,5.8759682691144,1.11372539562556,1.11495739274461,1.12111737833989
5.38318333259276,4.28624751961341,6.45523350308197,1.21648937537075,4.22554848573221,4.65148088835792,5.87596081226335,1.11372539562556,1.11495739274461,1.12111737833989
5.38318333259276,4.28624751961341,6.45523350308197,1.21648937537075,4.22554848573221,4.65147822519683,5.87595069225121,1.11372539562556,1.11495739274461,1.12111737833989
5.38318546312163,4.28624751961341,6.45523510097863,1.21648937537075,4.22554608888723,4.65147609466796,5.87594323540016,1.11372539562556,1.11495739274461,1.12111737833989
5.38318546312163,4.28624911751006,6.45523510097863,1.21649110642546,4.22554608888723,4.65147343150687,5.8759384417102,1.11372539562556,1.11495739274461,1.12111737833989
5.38318706101828,4.28624911751006,6.45523510097863,1.21649110642546,4.22554369204225,4.65147343150687,5.87593311538801,1.11372539562556,1.11495739274461,1.12111737833989
5.38318706101828,4.28624911751006,6.45523669887528,1.21649110642546,4.22554369204225,4.65147076834578,5.87592832169805,1.11372539562556,1.11495739274461,1.12111737833989
5.38318706101828,4.28624911751006,6.45523669887528,1.21649110642546,4.22554369204225,4.65147076834578,5.87592352800809,1.11372539562556,1.11495739274461,1.12111737833989
5.38318706101828,4.28624911751006,6.45523669887528,1.21649110642546,4.22554369204225,4.65146863781691,5.875920864847,1.11372539562556,1.11495739274461,1.12111737833989
5.38318706101828,4.28624911751006,6.45523669887528,1.21649110642546,4.22554102888116,4.65146597465582,5.87591607115704,1.11372539562556,1.11495739274461,1.12111737833989
5.38318865891494,4.28625098172282,6.45523829677194,1.21649110642546,4.22554102888116,4.65146597465582,5.87591340799595,1.11372539562556,1.11495739274461,1.12111737833989
5.38318865891494,4.28625098172282,6.45523829677194,1.21649110642546,4.22554102888116,4.65146384412695,5.87591127746708,1.11372539562556,1.11495739274461,1.12111737833989
5.38318865891494,4.28625098172282,6.45523829677194,1.21649110642546,4.22554102888116,4.65146384412695,5.87590861430599,1.11372539562556,1.11495739274461,1.12111737833989
5.38318865891494,4.28625098172282,6.45523829677194,1.21649283748017,4.22553863203618,4.65146384412695,5.8759059511449,1.11372539562556,1.11495739274461,1.12111737833989
5.38318865891494,4.28625098172282,6.45523989466859,1.21649283748017,4.22553863203618,4.65146118096586,5.8759059511449,1.11372539562556,1.11495739274461,1.12111737833989
5.38318865891494,4.28625098172282,6.45523989466859,1.21649283748017,4.22553863203618,4.65146118096586,5.87590382061602,1.11372539562556,1.11495739274461,1.12111737833989
5.38319025681159,4.28625098172282,6.45523989466859,1.21649283748017,4.22553863203618,4.65145851780477,5.87590115745493,1.11372539562556,1.11495739274461,1.12111737833989
5.38319025681159,4.28625098172282,6.45523989466859,1.21649283748017,4.22553863203618,4.65145851780477,5.87590115745493,1.11372539562556,1.11495739274461,1.12111737833989
5.38319025681159,4.28625098172282,6.45523989466859,1.21649283748017,4.22553863203618,4.65145851780477,5.87589849429384,1.11372539562556,1.11495739274461,1.12111737833989
5.38319025681159,4.28625257961948,6.45523989466859,1.21649283748017,4.22553863203618,4.65145851780477,5.87589849429384,1.11372539562556,1.11495739274461,1.12111737833989
5.38319025681159,4.28625257961948,6.45523989466859,1.21649283748017,4.22553863203618,4.65145638727589,5.87589636376497,1.11372539562556,1.11495739274461,1.12111737833989
5.38319025681159,4.28625257961948,6.45523989466859,1.21649283748017,4.22553863203618,4.65145638727589,5.87589636376497,1.11372539562556,1.11495739274461,1.12111737833989
5.38319185470825,4.28625257961948,6.45523989466859,1.21649456853488,4.22553863203618,4.65145638727589,5.87589370060388,1.11372539562556,1.11495739274461,1.12111737833989
5.38319185470825,4.28625257961948,6.45523989466859,1.21649456853488,4.22553863203618,4.65145638727589,5.87589370060388,1.11372539562556,1.11495739274461,1.12111737833989
5.38319185470825,4.28625257961948,6.45524202519746,1.21649456853488,4.2255362351912,4.6514537241148,5.87589103744279,1.11372539562556,1.11495739274461,1.12111737833989
5.38319185470825,4.28625257961948,6.45524202519746,1.21649456853488,4.2255362351912,4.6514537241148,5.87589103744279,1.11372539562556,1.11495739274461,1.12111737833989
5.38319185470825,4.28625257961948,6.45524202519746,1.21649456853488,4.2255362351912,4.6514537241148,5.87588890691392,1.11372539562556,1.11495739274461,1.12111737833989
5.38319185470825,4.28625257961948,6.45524202519746,1.21649456853488,4.2255362351912,4.6514537241148,5.87588890691392,1.11372539562556,1.11495739274461,1.12111737833989
5.38319185470825,4.28625417751613,6.45524202519746,1.21649456853488,4.2255362351912,4.6514537241148,5.87588890691392,1.11372539562556,1.11495739274461,1.12111737833989
5.38319185470825,4.28625417751613,6.45524202519746,1.21649456853488,4.2255362351912,4.65145106095371,5.87588624375283,1.11372539562556,1.11495739274461,1.12111737833989
5.38319185470825,4.28625417751613,6.45524202519746,1.21649456853488,4.2255362351912,4.65145106095371,5.87588624375283,1.11372539562556,1.11495739274461,1.12111737833989
5.38319185470825,4.28625417751613,6.45524202519746,1.21649456853488,4.2255362351912,4.65145106095371,5.87588624375283,1.11372539562556,1.11495739274461,1.12111737833989
5.38319398523712,4.28625417751613,6.45524202519746,1.21649456853488,4.2255362351912,4.65145106095371,5.87588358059174,1.11372539562556,1.11495739274461,1.12111737833989
5.38319398523712,4.28625417751613,6.45524362309412,1.21649456853488,4.2255362351912,4.65145106095371,5.87588358059174,1.11372539562556,1.11495739274461,1.12111737833989
5.38319398523712,4.28625417751613,6.45524362309412,1.21649456853488,4.2255362351912,4.65144893042484,5.87588358059174,1.11372539562556,1.11495739274461,1.12111737833989
5.38319398523712,4.28625417751613,6.45524362309412,1.21649456853488,4.2255362351912,4.65144893042484,5.87588358059174,1.11372539562556,1.11495739274461,1.12111737833989
5.38319398523712,4.28625417751613,6.45524362309412,1.21649616643153,4.2255362351912,4.65144893042484,5.87588145006287,1.11372539562556,1.11495739274461,1.12111737833989
5.38319398523712,4.28625417751613,6.45524362309412,1.21649616643153,4.2255362351912,4.65144893042484,5.87588145006287,1.11372539562556,1.11495739274461,1.12111737833989
5.38319398523712,4.28625417751613,6.45524362309412,1.21649616643153,4.2255362351912,4.65144893042484,5.87588145006287,1.11372539562556,1.11495739274461,1.12111737833989
5.38319558313377,4.28625417751613,6.45524362309412,1.21649616643153,4.2255335720301,4.65144893042484,5.87588145006287,1.11372539562556,1.11495739274461,1.12111737833989
5.38319558313377,4.28625417751613,6.45524362309412,1.21649616643153,4.2255335720301,4.65144893042484,5.87588145006287,1.11372539562556,1.11495739274461,1.12111737833989
5.38319558313377,4.28625417751613,6.45524362309412,1.21649616643153,4.2255335720301,4.65144893042484,5.87587878690178,1.11372539562556,1.11495739274461,1.12111737833989
5.38319558313377,4.28625417751613,6.45524362309412,1.21649616643153,4.2255335720301,4.65144626726375,5.87587878690178,1.11372539562556,1.11495739274461,1.12111737833989
5.38319558313377,4.28625417751613,6.45524362309412,1.21649616643153,4.2255335720301,4.65144626726375,5.87587878690178,1.11372539562556,1.11495739274461,1.12111737833989
5.38319558313377,4.28625417751613,6.45524362309412,1.21649616643153,4.2255335720301,4.65144626726375,5.87587878690178,1.11372539562556,1.11495739274461,1.12111737833989
5.38319558313377,4.28625417751613,6.45524362309412,1.21649616643153,4.2255335720301,4.65144626726375,5.87587878690178,1.11372539562556,1.11495739274461,1.12111737833989
5.38319558313377,4.28625417751613,6.45524522099077,1.21649616643153,4.2255335720301,4.65144626726375,5.87587612374069,1.11372539562556,1.11495739274461,1.12111737833989
5.38319558313377,4.28625417751613,6.45524522099077,1.21649616643153,4.2255335720301,4.65144626726375,5.87587612374069,1.11372539562556,1.11495739274461,1.12111737833989
5.38319558313377,4.28625604172889,6.45524522099077,1.21649616643153,4.2255335720301,4.65144626726375,5.87587612374069,1.11372539562556,1.11495739274461,1.12111737833989
5.38319558313377,4.28625604172889,6.45524522099077,1.21649616643153,4.2255335720301,4.65144626726375,5.87587612374069,1.11372539562556,1.11495739274461,1.12111737833989
5.38319558313377,4.28625604172889,6.45524522099077,1.21649616643153,4.2255335720301,4.65144626726375,5.87587612374069,1.11372539562556,1.11495739274461,1.12111737833989
5.38319558313377,4.28625604172889,6.45524522099077,1.21649616643153,4.2255335720301,4.65144626726375,5.87587612374069,1.11372539562556,1.11495739274461,1.12111737833989
5.38319558313377,4.28625604172889,6.45524522099077,1.21649616643153,4.2255335720301,4.65144626726375,5.87587399321182,1.11372539562556,1.11495739274461,1.12111737833989
5.38319718103043,4.28625604172889,6.45524522099077,1.21649616643153,4.2255335720301,4.65144360410266,5.87587399321182,1.11372539562556,1.11495739274461,1.12111737833989
5.38319718103043,4.28625604172889,6.45524522099077,1.21649616643153,4.2255335720301,4.65144360410266,5.87587399321182,1.11372539562556,1.11495739274461,1.12111737833989
5.38319718103043,4.28625604172889,6.45524522099077,1.21649616643153,4.2255335720301,4.65144360410266,5.87587399321182,1.11372539562556,1.11495739274461,1.12111737833989
5.38319718103043,4.28625604172889,6.45524522099077,1.21649616643153,4.2255335720301,4.65144360410266,5.87587399321182,1.11372539562556,1.11495739274461,1.12111737833989
5.38319718103043,4.28625604172889,6.45524522099077,1.21649616643153,4.2255335720301,4.65144360410266,5.87587399321182,1.11372539562556,1.11495739274461,1.12111737833989
5.38319718103043,4.28625604172889,6.45524522099077,1.21649616643153,4.2255335720301,4.65144360410266,5.87587399321182,1.11372539562556,1.11495739274461,1.12111737833989
